angs = 0:15:15*11;
hts = 10:10:30;
wds = 20:10:50;
step = 5;