angs = 0:15:15*11;
hts = 20:10:40;
wds = 40:20:80;
step = 10;